1316370149
0 0
16 0
512 0.595745
516 0
1024 1
1152 1
1280 1
1536 0
1792 1
2048 1
2304 1
2560 1
3072 1
3200 0.962963
3328 0.763158
3456 1
3584 0.211538
4608 0.977273
4864 1
5632 1
6144 0
8192 0.875
8196 0
8704 0
8720 0
8832 0
8976 1
9216 0.999831
9344 1
9472 1
9728 0.999699
9732 0
9736 0
10240 1
10244 0
10752 0.16977
10754 0.0502092
10784 0.0870871
10880 0.0636364
10882 0.5
11136 0
11264 0
11520 0
11776 0
12288 0.6
12292 0
12800 0.996805
12804 0
13312 0
13824 0.916667
14336 1
16384 0
16512 0
16640 0
16768 0
16896 0
17024 0
17152 0
17424 0
17680 0
17920 0
18176 0
18432 0
18560 0
18688 0
18944 0
19200 0
19456 0
19584 0
19712 0
19840 0
19968 0
20096 0
20224 0
20480 0
20488 0
20608 0
20736 0
20864 0
20992 0
21248 0
22016 0
22272 0
22528 0
22784 0
25088 0.982759
25092 0
25096 0
25600 0.999892
25604 1
25728 1
25856 1
26128 0.0377358
26624 1
27136 0
27776 0
27780 0
27904 0
28032 0
28160 0.7
28164 0
28168 0.0384615
28672 1
29184 1
30720 1
32768 1
33280 1
33284 0
33792 0.99988
33796 1
33920 1
34048 1
34176 1
34304 1
34560 1
34816 1
34832 0
35072 1
35840 1
35968 1
36096 0
36224 0
36352 1
36864 1
37376 1
38912 1
39168 1
40960 0
41472 0.163243
41474 0.0504202
41504 0.0870871
41728 0.0115942
41984 0.984127
41986 1
42112 1
43008 1
43264 1
43536 0
44032 0
44160 0.0769231
44162 0.5
44288 0.204545
44416 0.269231
44544 0
44672 0
44800 0
49152 1
49280 1
49408 1
49536 0.92623
49664 0
49792 0
49920 0
50176 1
50304 1
50432 1
50560 0.975
50688 1
50816 0
50944 1
51072 0
51200 1
51328 0
51456 1
51584 0.0357143
51712 0.0625
51840 0.264706
51968 0.00634921
52096 0.238636
52224 0
52240 0
52352 0
52368 0
52480 0
52496 0
52608 0
52624 0
52736 0
52864 0
53120 0
53508 0
53760 1
54016 1
54784 0
54912 1
55040 0
55168 0.987342
55172 0
55296 1
55424 0.933333
55552 1
55680 0.8
55681 0.0909091
57344 0.141026
57472 0
57856 0
58368 0.998424
58496 1
58624 1
58880 1
58884 0
58888 0.0416667
59008 0
59012 0
59136 1
59392 1
59396 0.5
59648 1
59904 0
60032 0
60416 0
60544 0
60672 0
60928 0
60944 0
61056 0
61072 0
61184 0
61952 1
61956 0
61960 1
62464 1
62976 1
62980 0
63232 0
63488 0.969697
63616 1
65536 0.972973
65664 1
66048 0.997297
66052 0
66176 1
66560 1
66688 1
67584 1
67712 1
68096 1
68608 1
68736 1
69120 1
69128 1
69248 1
69380 0
69632 1
70144 1
73728 1
74240 0.4
74752 1
74756 1
74880 1
75008 1
75136 1
75264 1
75268 1
75520 1
75776 1
75784 1
76032 1
78336 1
78352 1
79872 1
80128 1
82432 0
82944 1
85504 1
90112 0.363636
90624 0.916667
91136 1
91264 1
91648 1
92160 1
93440 1
93568 0.987342
93572 0
93696 1
93700 0
93828 0
93952 0
94720 1
95760 0
98304 0
98816 1
99328 1
99456 1
99584 1
99712 1
101504 1
101632 0.941176
101760 0.333333
101761 0.0909091
102912 1
103936 1